v rr1
k 518.732109 4.623584 174.618056
sh env 0.0059838 0.00628146 0.00651426 0.00417431 0.00376654 0.00354116 0.00180798 0.00176795 0.00177428 -0.0063483 -0.00775806 -0.00908374 -0.00152495 -0.00201869 -0.00277992 0.00204517 0.00175566 0.00154221 -0.00125289 -0.00139143 -0.00153925 -0.00159845 -0.00190738 -0.00213279 0.00140062 0.00230591 0.00308477
sh lamp 1.08986 0.751508 0.432682 1.6866 1.18772 0.697475 0.659758 0.462717 0.274695 0.00297323 0.00126586 0.000280873 -0.00319467 -0.00204106 -0.00137297 1.0444 0.742062 0.444052 -0.170397 -0.117272 -0.0672508 -0.00940008 -0.0057367 -0.00312696 -0.68783 -0.478 -0.27822
sh tv 0.0151443 0.0142227 0.0132848 0.00411615 0.00349757 0.00279501 0.0218747 0.0214299 0.0210581 3.71246e-05 3.11682e-05 2.47539e-05 7.03983e-05 5.36883e-05 2.85725e-05 0.00204237 0.00176011 0.00143238 0.00562486 0.00571557 0.00579569 -0.000188345 -0.000166554 -0.000152531 -0.00152758 -0.00117605 -0.000882538
pk 938.729282 4.710174 275.892243
box -2.3000 0.0000 -2.6000 2.3000 2.6000 2.6000
probe 0.0000 1.3000 0.0000
pt spawn 1.4000 0.0000 -1.8500
pt door 1.4000 1.0000 -2.6000 0.9500 1.8500 2.0500
pt switch 0.7100 1.1500 -2.5850
pt duck 0.7000 0.0120 -0.2000
pt lamp 0.0000 1.9800 0.1500
pt tv 0.0000 1.3000 2.5390 1.2160 0.6960
pt seat 1.4092 0.0000 0.7938 223.0000
obj modern_wooden_cabinet -1.2200 0.0000 2.0800 1.2200 0.6802 2.6000
obj sofa_02 -1.1539 0.0002 -1.5277 0.6533 0.7097 -0.7099
obj modern_coffee_table_01 -0.8507 -0.0001 -0.0500 0.3512 0.3899 0.5500
obj ArmChair_01 0.9193 -0.0004 0.2563 1.9418 1.0647 1.2769
obj side_table_01 1.4750 -0.0024 1.5250 2.0250 0.5483 1.9750
obj ceramic_vase_01 1.6482 0.5512 1.6482 1.8518 0.9515 1.8518
obj potted_plant_04 -1.0675 0.6805 2.1889 -0.8325 1.0550 2.4475
obj hanging_picture_frame_02 2.2575 1.2017 -1.0195 2.2989 1.8267 -0.0797
obj modern_ceiling_lamp_01 -0.2158 1.6511 -0.0673 0.2159 2.6026 0.3643
obj rubber_duck_toy -0.0801 -0.0000 -0.1154 0.0801 0.2141 0.1096
mat rr_floor lit herringbone_parquet_diff.jpg herringbone_parquet_nor_gl.jpg herringbone_parquet_arm.jpg 1 0.5000 1.000 1.000 1.000 0.850 1.000 1.000 1.000 1.000
mat rr_wall lit white_plaster_02_diff.jpg white_plaster_02_nor_gl.jpg white_plaster_02_arm.jpg 1 0.4000 1.000 1.040 1.180 1.000 1.000 0.600 0.600 0.350
mat rr_ceiling lit white_plaster_02_diff.jpg white_plaster_02_nor_gl.jpg white_plaster_02_arm.jpg 1 0.4000 1.000 1.040 1.200 1.000 1.000 0.400 0.400 0.300
mat rr_rug lit poly_wool_herringbone_diff.jpg poly_wool_herringbone_nor_gl.jpg poly_wool_herringbone_arm.jpg 1 1.2500 0.620 0.580 0.520 1.000 1.000 0.500 1.000 1.000
mat rr_trim lit - - - 0 1.0000 0.800 0.790 0.760 0.380 0.000 1.000 1.000 1.000
mat rr_tvframe lit - - - 0 1.0000 0.018 0.018 0.020 0.320 0.000 1.000 1.000 1.000
mat rr_metal lit - - - 0 1.0000 0.720 0.710 0.690 0.280 1.000 1.000 1.000 1.000
mat rr_switch lit - - - 0 1.0000 0.800 0.790 0.760 0.400 0.000 1.000 1.000 1.000
mat rr_tvscreen screen - - - 0 1.0000 1.000 1.000 1.000 1.000 1.000 1.000 1.000 1.000
mat rr_glass glass - - - 0 1.0000 1.000 1.000 1.000 1.000 1.000 1.000 1.000 1.000
mat rr_windowview window - - - 0 1.0000 1.000 1.000 1.000 1.000 1.000 1.000 1.000 1.000
mat rr_portal portal - - - 0 1.0000 1.000 1.000 1.000 1.000 1.000 1.000 1.000 1.000
mat hanging_picture_frame_02_glass glass - - - 0 1.0000 1.000 1.000 1.000 1.000 1.000 1.000 1.000 1.000
mat modern_ceiling_lamp_01_glass glass - - - 0 1.0000 1.000 1.000 1.000 1.000 1.000 1.000 1.000 1.000
mat Armchair_01 lit Armchair_01_diff.jpg Armchair_01_nor_gl.jpg Armchair_01_arm.jpg 1 1.0000 1.000 1.000 1.000 1.000 1.000 1.000 1.000 1.000
mat ceramic_vase_01 lit ceramic_vase_01_diff.jpg ceramic_vase_01_nor_gl.jpg ceramic_vase_01_arm.jpg 1 1.0000 1.000 1.000 1.000 1.000 1.000 1.000 1.000 1.000
mat hanging_picture_frame_02_artwork lit hanging_picture_frame_02_artwork_diff.jpg hanging_picture_frame_02_artwork_nor_gl.jpg hanging_picture_frame_02_artwork_roughness.jpg 2 1.0000 1.000 1.000 1.000 1.000 1.000 0.700 1.000 1.000
mat hanging_picture_frame_02 lit hanging_picture_frame_02_diff.jpg hanging_picture_frame_02_nor_gl.jpg hanging_picture_frame_02_arm.jpg 1 1.0000 1.000 1.000 1.000 1.000 1.000 1.000 1.000 1.000
mat modern_ceiling_lamp_01 lit modern_ceiling_lamp_01_diff.jpg modern_ceiling_lamp_01_nor_gl.jpg modern_ceiling_lamp_01_arm.jpg 1 1.0000 1.000 1.000 1.000 1.000 1.000 1.000 1.000 1.000
mat modern_ceiling_globe globe modern_ceiling_lamp_01_diff.jpg modern_ceiling_lamp_01_nor_gl.jpg modern_ceiling_lamp_01_arm.jpg 1 1.0000 1.000 1.000 1.000 1.000 1.000 1.000 1.000 1.000
mat modern_coffee_table_01 lit modern_coffee_table_01_diff.jpg modern_coffee_table_01_nor_gl.jpg modern_coffee_table_01_rough.jpg 2 1.0000 1.000 1.000 1.000 1.000 1.000 1.000 1.000 1.000
mat modern_wooden_cabinet lit modern_wooden_cabinet_diff.jpg modern_wooden_cabinet_nor_gl.jpg modern_wooden_cabinet_arm.jpg 1 1.0000 1.000 1.000 1.000 1.000 1.000 1.000 1.000 1.000
mat potted_plant_04 lit potted_plant_04_diff.jpg potted_plant_04_nor_gl.jpg potted_plant_04_arm.jpg 1 1.0000 1.000 1.000 1.000 1.000 1.000 1.000 1.000 1.000
mat rubber_duck_toy lit rubber_duck_toy_diff.jpg rubber_duck_toy_nor_gl.jpg rubber_duck_toy_arm.jpg 1 1.0000 1.000 1.000 1.000 1.000 1.000 1.000 1.000 1.000
mat side_table_01 lit side_table_01_diff.jpg side_table_01_nor_gl.jpg side_table_01_arm.jpg 1 1.0000 1.000 1.000 1.000 1.000 1.000 1.000 1.000 1.000
mat sofa_02 lit sofa_02_diff.jpg sofa_02_nor_gl.jpg sofa_02_arm.jpg 1 1.0000 1.000 1.000 1.000 1.000 1.000 1.000 1.000 1.000
crop 0.1200 0.8800 0.1400 0.8000 11.046386
tvlight 300 0.000,0.000,0.000 0.004,0.005,0.002 0.012,0.017,0.008 0.036,0.048,0.022 0.060,0.079,0.036 0.089,0.118,0.055 0.091,0.120,0.057 0.091,0.121,0.059 0.091,0.121,0.059 0.091,0.121,0.059 0.091,0.120,0.059 0.091,0.121,0.059 0.091,0.121,0.059 0.090,0.121,0.059 0.091,0.121,0.059 0.092,0.122,0.060 0.092,0.122,0.062 0.260,0.307,0.171 0.261,0.308,0.172 0.262,0.310,0.175 0.265,0.311,0.178 0.266,0.313,0.179 0.266,0.313,0.180 0.267,0.314,0.182 0.267,0.313,0.184 0.267,0.313,0.185 0.265,0.311,0.184 0.266,0.310,0.186 0.263,0.307,0.186 0.261,0.306,0.187 0.260,0.304,0.190 0.258,0.302,0.191 0.258,0.301,0.193 0.263,0.306,0.198 0.265,0.308,0.201 0.268,0.309,0.204 0.267,0.309,0.205 0.266,0.310,0.206 0.266,0.309,0.207 0.267,0.309,0.208 0.266,0.308,0.209 0.266,0.309,0.209 0.266,0.308,0.210 0.265,0.307,0.210 0.265,0.306,0.210 0.265,0.307,0.211 0.265,0.306,0.212 0.265,0.307,0.212 0.263,0.305,0.211 0.263,0.305,0.211 0.262,0.304,0.211 0.262,0.304,0.211 0.262,0.304,0.211 0.262,0.304,0.211 0.262,0.304,0.211 0.262,0.304,0.211 0.262,0.304,0.211 0.261,0.304,0.210 0.260,0.302,0.209 0.259,0.301,0.206 0.258,0.301,0.206 0.258,0.301,0.205 0.258,0.302,0.205 0.258,0.302,0.205 0.258,0.302,0.205 0.258,0.302,0.205 0.258,0.302,0.205 0.259,0.303,0.205 0.258,0.302,0.205 0.257,0.300,0.203 0.252,0.295,0.199 0.250,0.293,0.198 0.252,0.296,0.198 0.252,0.297,0.197 0.253,0.297,0.197 0.253,0.297,0.198 0.253,0.298,0.198 0.254,0.299,0.198 0.254,0.299,0.199 0.255,0.299,0.199 0.254,0.298,0.200 0.254,0.299,0.202 0.254,0.297,0.203 0.251,0.293,0.202 0.250,0.292,0.203 0.247,0.288,0.203 0.245,0.285,0.203 0.245,0.284,0.206 0.245,0.282,0.210 0.243,0.277,0.211 0.243,0.274,0.213 0.240,0.272,0.213 0.239,0.269,0.212 0.238,0.266,0.210 0.240,0.267,0.210 0.245,0.269,0.211 0.242,0.266,0.206 0.237,0.263,0.202 0.230,0.257,0.195 0.229,0.254,0.188 0.228,0.249,0.179 0.364,0.487,0.736 0.364,0.487,0.737 0.364,0.487,0.737 0.364,0.487,0.737 0.364,0.487,0.737 0.364,0.487,0.736 0.365,0.487,0.735 0.365,0.487,0.735 0.365,0.486,0.734 0.367,0.488,0.734 0.369,0.489,0.734 0.370,0.490,0.734 0.372,0.490,0.730 0.372,0.490,0.728 0.374,0.490,0.726 0.374,0.489,0.723 0.375,0.489,0.720 0.376,0.490,0.715 0.378,0.492,0.713 0.384,0.497,0.713 0.387,0.499,0.712 0.390,0.499,0.709 0.393,0.502,0.706 0.395,0.503,0.705 0.399,0.505,0.703 0.401,0.505,0.703 0.404,0.508,0.704 0.407,0.512,0.707 0.408,0.513,0.709 0.407,0.513,0.710 0.408,0.512,0.710 0.407,0.512,0.711 0.407,0.512,0.710 0.407,0.512,0.710 0.407,0.512,0.709 0.407,0.512,0.710 0.407,0.512,0.710 0.407,0.512,0.710 0.408,0.513,0.710 0.408,0.513,0.710 0.409,0.513,0.710 0.409,0.513,0.710 0.409,0.513,0.710 0.410,0.513,0.710 0.409,0.513,0.709 0.410,0.514,0.710 0.466,0.564,0.657 0.465,0.562,0.656 0.458,0.556,0.650 0.456,0.553,0.647 0.461,0.559,0.651 0.467,0.564,0.656 0.465,0.561,0.654 0.459,0.555,0.647 0.456,0.551,0.645 0.461,0.557,0.650 0.468,0.563,0.656 0.467,0.564,0.655 0.464,0.560,0.652 0.459,0.555,0.647 0.457,0.554,0.646 0.457,0.553,0.644 0.457,0.553,0.644 0.457,0.553,0.644 0.458,0.554,0.646 0.459,0.555,0.649 0.461,0.558,0.653 0.462,0.560,0.656 0.462,0.560,0.657 0.466,0.562,0.659 0.466,0.562,0.658 0.466,0.562,0.657 0.465,0.561,0.656 0.465,0.562,0.655 0.465,0.561,0.655 0.466,0.561,0.655 0.466,0.561,0.655 0.284,0.363,0.407 0.284,0.363,0.407 0.284,0.363,0.407 0.284,0.362,0.407 0.284,0.362,0.407 0.284,0.362,0.407 0.284,0.362,0.407 0.284,0.362,0.407 0.283,0.361,0.407 0.281,0.359,0.406 0.281,0.360,0.406 0.280,0.359,0.406 0.281,0.361,0.407 0.282,0.361,0.407 0.283,0.362,0.408 0.284,0.363,0.409 0.286,0.364,0.410 0.285,0.361,0.406 0.282,0.359,0.405 0.284,0.364,0.409 0.290,0.370,0.416 0.292,0.373,0.419 0.290,0.372,0.416 0.295,0.376,0.417 0.312,0.388,0.425 0.323,0.397,0.431 0.327,0.398,0.429 0.313,0.380,0.409 0.322,0.383,0.406 0.341,0.396,0.411 0.382,0.423,0.421 0.373,0.410,0.407 0.344,0.380,0.380 0.307,0.346,0.353 0.275,0.317,0.333 0.239,0.290,0.322 0.234,0.292,0.332 0.230,0.290,0.332 0.230,0.289,0.330 0.230,0.288,0.329 0.229,0.289,0.328 0.230,0.289,0.329 0.236,0.296,0.337 0.246,0.305,0.344 0.254,0.312,0.348 0.252,0.305,0.336 0.247,0.300,0.331 0.238,0.296,0.337 0.229,0.289,0.332 0.226,0.286,0.329 0.220,0.280,0.323 0.212,0.274,0.318 0.181,0.248,0.289 0.170,0.234,0.270 0.168,0.233,0.267 0.172,0.246,0.279 0.394,0.480,0.482 0.394,0.481,0.482 0.394,0.481,0.483 0.394,0.481,0.483 0.394,0.481,0.483 0.394,0.481,0.483 0.394,0.482,0.483 0.394,0.481,0.482 0.394,0.482,0.483 0.394,0.481,0.483 0.394,0.482,0.483 0.394,0.482,0.483 0.394,0.482,0.483 0.394,0.481,0.483 0.394,0.482,0.483 0.394,0.481,0.483 0.394,0.482,0.483 0.394,0.482,0.483 0.394,0.481,0.483 0.130,0.170,0.073 0.130,0.170,0.073 0.130,0.170,0.073 0.130,0.170,0.073 0.130,0.170,0.073 0.130,0.171,0.073 0.130,0.170,0.073 0.130,0.170,0.073 0.130,0.170,0.073 0.130,0.169,0.073 0.130,0.169,0.073 0.130,0.168,0.073 0.130,0.167,0.073 0.130,0.167,0.073 0.130,0.166,0.073 0.130,0.166,0.073 0.129,0.165,0.072 0.130,0.165,0.073 0.130,0.165,0.073 0.130,0.164,0.073 0.130,0.164,0.072 0.130,0.164,0.073 0.180,0.256,0.291 0.180,0.256,0.290 0.181,0.258,0.292 0.183,0.258,0.292 0.183,0.259,0.292 0.185,0.260,0.294 0.185,0.261,0.294 0.185,0.262,0.295 0.181,0.258,0.293 0.178,0.254,0.289 0.178,0.248,0.284 0.178,0.246,0.283 0.182,0.251,0.290 0.199,0.270,0.318 0.209,0.280,0.334 0.225,0.291,0.343 0.226,0.291,0.340 0.224,0.288,0.335 0.222,0.285,0.332 0.219,0.283,0.329 0.126,0.160,0.126 0.098,0.114,0.099 0.063,0.069,0.064 0.017,0.019,0.017 0.003,0.003,0.003
size hi 16648630
size lo 6206088
